NACA 0009
 1.000000  0.000945
 0.999826  0.000963
 0.999303  0.001018
 0.998433  0.001110
 0.997215  0.001238
 0.995650  0.001401
 0.993740  0.001601
 0.991487  0.001836
 0.988890  0.002106
 0.985953  0.002410
 0.982677  0.002749
 0.979065  0.003120
 0.975119  0.003524
 0.970841  0.003959
 0.966236  0.004425
 0.961306  0.004922
 0.956054  0.005447
 0.950484  0.006001
 0.944601  0.006582
 0.938407  0.007189
 0.931909  0.007822
 0.925109  0.008478
 0.918012  0.009158
 0.910625  0.009860
 0.902951  0.010582
 0.894997  0.011324
 0.886767  0.012084
 0.878267  0.012862
 0.869504  0.013656
 0.860484  0.014465
 0.851212  0.015287
 0.841696  0.016122
 0.831941  0.016969
 0.821955  0.017825
 0.811745  0.018691
 0.801317  0.019564
 0.790680  0.020443
 0.779840  0.021328
 0.768804  0.022216
 0.757582  0.023107
 0.746180  0.024000
 0.734606  0.024892
 0.722869  0.025783
 0.710977  0.026672
 0.698937  0.027557
 0.686759  0.028436
 0.674451  0.029309
 0.662021  0.030174
 0.649478  0.031029
 0.636831  0.031873
 0.624089  0.032705
 0.611260  0.033524
 0.598354  0.034327
 0.585379  0.035113
 0.572345  0.035880
 0.559260  0.036628
 0.546134  0.037355
 0.532976  0.038058
 0.519795  0.038737
 0.506600  0.039389
 0.493400  0.040014
 0.480205  0.040609
 0.467024  0.041174
 0.453866  0.041705
 0.440740  0.042203
 0.427655  0.042665
 0.414621  0.043090
 0.401646  0.043476
 0.388740  0.043822
 0.375911  0.044127
 0.363169  0.044389
 0.350522  0.044607
 0.337979  0.044779
 0.325549  0.044905
 0.313241  0.044983
 0.301063  0.045013
 0.289023  0.044993
 0.277131  0.044923
 0.265394  0.044801
 0.253820  0.044629
 0.242418  0.044403
 0.231196  0.044126
 0.220160  0.043795
 0.209320  0.043411
 0.198683  0.042974
 0.188255  0.042484
 0.178045  0.041941
 0.168059  0.041344
 0.158304  0.040696
 0.148788  0.039996
 0.139516  0.039244
 0.130496  0.038441
 0.121733  0.037589
 0.113233  0.036688
 0.105003  0.035738
 0.097049  0.034742
 0.089375  0.033699
 0.081988  0.032612
 0.074891  0.031481
 0.068091  0.030308
 0.061593  0.029095
 0.055399  0.027841
 0.049516  0.026550
 0.043946  0.025221
 0.038694  0.023858
 0.033764  0.022460
 0.029159  0.021030
 0.024881  0.019568
 0.020935  0.018076
 0.017323  0.016556
 0.014047  0.015008
 0.011110  0.013433
 0.008513  0.011833
 0.006260  0.010209
 0.004350  0.008562
 0.002785  0.006892
 0.001567  0.005200
 0.000697  0.003487
 0.000174  0.001754
 0.000000  0.000000
 0.000174 -0.001754
 0.000697 -0.003487
 0.001567 -0.005200
 0.002785 -0.006892
 0.004350 -0.008562
 0.006260 -0.010209
 0.008513 -0.011833
 0.011110 -0.013433
 0.014047 -0.015008
 0.017323 -0.016556
 0.020935 -0.018076
 0.024881 -0.019568
 0.029159 -0.021030
 0.033764 -0.022460
 0.038694 -0.023858
 0.043946 -0.025221
 0.049516 -0.026550
 0.055399 -0.027841
 0.061593 -0.029095
 0.068091 -0.030308
 0.074891 -0.031481
 0.081988 -0.032612
 0.089375 -0.033699
 0.097049 -0.034742
 0.105003 -0.035738
 0.113233 -0.036688
 0.121733 -0.037589
 0.130496 -0.038441
 0.139516 -0.039244
 0.148788 -0.039996
 0.158304 -0.040696
 0.168059 -0.041344
 0.178045 -0.041941
 0.188255 -0.042484
 0.198683 -0.042974
 0.209320 -0.043411
 0.220160 -0.043795
 0.231196 -0.044126
 0.242418 -0.044403
 0.253820 -0.044629
 0.265394 -0.044801
 0.277131 -0.044923
 0.289023 -0.044993
 0.301063 -0.045013
 0.313241 -0.044983
 0.325549 -0.044905
 0.337979 -0.044779
 0.350522 -0.044607
 0.363169 -0.044389
 0.375911 -0.044127
 0.388740 -0.043822
 0.401646 -0.043476
 0.414621 -0.043090
 0.427655 -0.042665
 0.440740 -0.042203
 0.453866 -0.041705
 0.467024 -0.041174
 0.480205 -0.040609
 0.493400 -0.040014
 0.506600 -0.039389
 0.519795 -0.038737
 0.532976 -0.038058
 0.546134 -0.037355
 0.559260 -0.036628
 0.572345 -0.035880
 0.585379 -0.035113
 0.598354 -0.034327
 0.611260 -0.033524
 0.624089 -0.032705
 0.636831 -0.031873
 0.649478 -0.031029
 0.662021 -0.030174
 0.674451 -0.029309
 0.686759 -0.028436
 0.698937 -0.027557
 0.710977 -0.026672
 0.722869 -0.025783
 0.734606 -0.024892
 0.746180 -0.024000
 0.757582 -0.023107
 0.768804 -0.022216
 0.779840 -0.021328
 0.790680 -0.020443
 0.801317 -0.019564
 0.811745 -0.018691
 0.821955 -0.017825
 0.831941 -0.016969
 0.841696 -0.016122
 0.851212 -0.015287
 0.860484 -0.014465
 0.869504 -0.013656
 0.878267 -0.012862
 0.886767 -0.012084
 0.894997 -0.011324
 0.902951 -0.010582
 0.910625 -0.009860
 0.918012 -0.009158
 0.925109 -0.008478
 0.931909 -0.007822
 0.938407 -0.007189
 0.944601 -0.006582
 0.950484 -0.006001
 0.956054 -0.005447
 0.961306 -0.004922
 0.966236 -0.004425
 0.970841 -0.003959
 0.975119 -0.003524
 0.979065 -0.003120
 0.982677 -0.002749
 0.985953 -0.002410
 0.988890 -0.002106
 0.991487 -0.001836
 0.993740 -0.001601
 0.995650 -0.001401
 0.997215 -0.001238
 0.998433 -0.001110
 0.999303 -0.001018
 0.999826 -0.000963
 1.000000 -0.000945
